1 2	458
1 3	402
1 4	371
1 5	299
1 6	306
1 7	532
1 8	3
1 9	520
1 10	2100
1 11	2220
1 12	640
1 13	1184
2 3	156
2 4	667
2 5	548
2 6	502
2 7	860
2 8	449
2 9	926
2 10	1800
2 11	1920
2 12	302
2 13	802
3 4	687
3 5	540
3 6	494
3 7	811
3 8	400
3 9	873
3 10	1920
3 11	2040
3 12	405
3 13	943
4 5	183
4 6	212
4 7	829
4 8	377
4 9	758
4 10	2160
4 11	2220
4 12	946
4 13	1314
5 6	67
5 7	741
5 8	294
5 9	668
5 10	2160
5 11	2280
5 12	817
5 13	1240
6 7	762
6 8	305
6 9	688
6 10	2100
6 11	2220
6 12	769
6 13	1192
7 8	531
7 9	214
7 10	2580
7 11	2700
7 12	970
7 13	1620
8 9	518
8 10	2100
8 11	2220
8 12	636
8 13	1183
9 10	2580
9 11	2700
9 12	1103
9 13	1680
10 11	275
10 12	1980
10 13	1077
11 12	2100
11 13	1216
12 13	918


alta
arapahoe basin
aspen snowmass
big sky
grand targhee
jackson hole
mammoth mountain
snowbird
squaw valley
sugarbush
sugarloaf
taos
st. louis
